0
0
0
0
0
0
0
0
0
0
5063
0
0
5063
0
0
0
0
0
0
0
0
0
0
0
0
0
0
0
0
0
0
49611
1
322
3
4
3
2
93
141
141
104
12
4193
296
1536
26
81
263
84
62
67
115
32
28
44
55
125
531
0
0
0
18
2
596
274
508
187
399
460
302
278
781
44
62
266
319
311
273
436
9
355
395
635
125
161
120
48
68
5
3
0
3
0
2
0
17490
3483
6975
9522
30275
5447
3787
15025
16830
234
1139
8033
5403
16422
18412
3813
215
13764
14172
21582
6393
2402
4736
393
4158
210
0
0
0
0
0
0
0
0
0
0
0
0
0
0
0
0
0
0
0
0
0
0
0
0
0
0
0
0
0
0
0
0
0
0
0
0
0
0
0
0
0
0
0
0
0
0
0
0
0
0
0
0
0
0
0
0
0
0
0
0
0
0
0
0
1
0
0
0
1
0
0
0
0
0
0
0
0
0
0
0
0
0
0
0
0
0
0
0
0
0
0
0
0
0
0
0
0
0
0
0
0
0
0
0
0
0
0
0
0
0
0
0
0
0
0
0
1
0
0
0
0
0
0
0
0
0
0
0
0
0
0
0
0
